0000
0001
0002
0003
0004
0005
0006
0007
0000
0000
0008
0009
0010
0011
0012
0013
0014
0015
0000
0000
0016
0017
0018
0019
0020
0021
0022
0023
0000
0000
0024
0025
0026
0027
0028
0029
0030
0031
0000
0000
0032
0033
0034
0035
0036
0037
0038
0039
0000
0000
0040
0041
0042
0043
0044
0045
0046
0047
0000
0000
0048
0049
0050
0051
0052
0053
0054
0055
0000
0000
0056
0057
0058
0059
0060
0061
0062
0063
0000
0000
0000
0000
0000
0000
0000
0000
0000
0000
0000
0000
0000
0000
0000
0000
0000
0000
0000
0000
0000
0000
0064
0065
0066
0067
0068
0069
0070
0071
0000
0000
0072
0073
0074
0075
0076
0077
0078
0079
0000
0000
0080
0081
0082
0083
0084
0085
0086
0087
0000
0000
0088
0089
0090
0091
0092
0093
0094
0095
0000
0000
0096
0097
0098
0099
0100
0101
0102
0103
0000
0000
0104
0105
0106
0107
0108
0109
0110
0111
0000
0000
0112
0113
0114
0115
0116
0117
0118
0119
0000
0000
0120
0121
0122
0123
0124
0125
0126
0127
0000
0000
0000
0000
0000
0000
0000
0000
0000
0000
0000
0000
0000
0000
0000
0000
0000
0000
0000
0000
0000
0000
0128
0129
0130
0131
0132
0133
0134
0135
0000
0000
0136
0137
0138
0139
0140
0141
0142
0143
0000
0000
0144
0145
0146
0147
0148
0149
0150
0151
0000
0000
0152
0153
0154
0155
0156
0157
0158
0159
0000
0000
0160
0161
0162
0163
0164
0165
0166
0167
0000
0000
0168
0169
0170
0171
0172
0173
0174
0175
0000
0000
0176
0177
0178
0179
0180
0181
0182
0183
0000
0000
0184
0185
0186
0187
0188
0189
0190
0191
0000
0000
0000
0000
0000
0000
0000
0000
0000
0000
0000
0000
0000
0000
0000
0000
0000
0000
0000
0000
0000
0000
0192
0193
0194
0195
0196
0197
0198
0199
0000
0000
0200
0201
0202
0203
0204
0205
0206
0207
0000
0000
0208
0209
0210
0211
0212
0213
0214
0215
0000
0000
0216
0217
0218
0219
0220
0221
0222
0223
0000
0000
0224
0225
0226
0227
0228
0229
0230
0231
0000
0000
0232
0233
0234
0235
0236
0237
0238
0239
0000
0000
0240
0241
0242
0243
0244
0245
0246
0247
0000
0000
0248
0249
0250
0251
0252
0253
0254
0255
0000
0000
0000
0000
0000
0000
0000
0000
0000
0000
0000
0000
0000
0000
0000
0000
0000
0000
0000
0000
0000
0000
0256
0257
0258
0259
0260
0261
0262
0263
0000
0000
0264
0265
0266
0267
0268
0269
0270
0271
0000
0000
0272
0273
0274
0275
0276
0277
0278
0279
0000
0000
0280
0281
0282
0283
0284
0285
0286
0287
0000
0000
0288
0289
0290
0291
0292
0293
0294
0295
0000
0000
0296
0297
0298
0299
0300
0301
0302
0303
0000
0000
0304
0305
0306
0307
0308
0309
0310
0311
0000
0000
0312
0313
0314
0315
0316
0317
0318
0319
0000
0000
0000
0000
0000
0000
0000
0000
0000
0000
0000
0000
0000
0000
0000
0000
0000
0000
0000
0000
0000
0000
0320
0321
0322
0323
0324
0325
0326
0327
0000
0000
0328
0329
0330
0331
0332
0333
0334
0335
0000
0000
0336
0337
0338
0339
0340
0341
0342
0343
0000
0000
0344
0345
0346
0347
0348
0349
0350
0351
0000
0000
0352
0353
0354
0355
0356
0357
0358
0359
0000
0000
0360
0361
0362
0363
0364
0365
0366
0367
0000
0000
0368
0369
0370
0371
0372
0373
0374
0375
0000
0000
0376
0377
0378
0379
0380
0381
0382
0383
0000
0000
0000
0000
0000
0000
0000
0000
0000
0000
0000
0000
0000
0000
0000
0000
0000
0000
0000
0000
0000
0000
0384
0385
0386
0387
0388
0389
0390
0391
0000
0000
0392
0393
0394
0395
0396
0397
0398
0399
0000
0000
0400
0401
0402
0403
0404
0405
0406
0407
0000
0000
0408
0409
0410
0411
0412
0413
0414
0415
0000
0000
0416
0417
0418
0419
0420
0421
0422
0423
0000
0000
0424
0425
0426
0427
0428
0429
0430
0431
0000
0000
0432
0433
0434
0435
0436
0437
0438
0439
0000
0000
0440
0441
0442
0443
0444
0445
0446
0447
0000
0000
0000
0000
0000
0000
0000
0000
0000
0000
0000
0000
0000
0000
0000
0000
0000
0000
0000
0000
0000
0000
0448
0449
0450
0451
0452
0453
0454
0455
0000
0000
0456
0457
0458
0459
0460
0461
0462
0463
0000
0000
0464
0465
0466
0467
0468
0469
0470
0471
0000
0000
0472
0473
0474
0475
0476
0477
0478
0479
0000
0000
0480
0481
0482
0483
0484
0485
0486
0487
0000
0000
0488
0489
0490
0491
0492
0493
0494
0495
0000
0000
0496
0497
0498
0499
0500
0501
0502
0503
0000
0000
0504
0505
0506
0507
0508
0509
0510
0511
0000
0000
0000
0000
0000
0000
0000
0000
0000
0000
0000
0000
0000
0000
0000
0000
0000
0000
0000
0000
0000
0000
0000
0000
0000
0000
0000
0000
0000
0000
0000
0000
0000
0000
0000
0000
0000
0000
0000
0000
0000
0000
0000
0000
0000
0000
0000
0000
0000
0000
0000
0000
0000
0000
0000
0000
0000
0000
0000
0000
0000
0000
0000
0000
0000
0000
0000
0000
0000
0000
0000
0000
0000
0000
0000
0000
0000
0000
0000
0000
0000
0000
0000
0000
0000
0000
0000
0000
0000
0000
0000
0000
0000
0000
0000
0000
0000
0000
0000
0000
0000
0000
0000
0000
0000
0000
0000
0000
0000
0000
0000
0000
0000
0000
0000
0000
0000
0000
0000
0000
0000
0000
0000
0000
0000
0000
0000
0000
0000
0000
0000
0000
0000
0000
0000
0000
0000
0000
0000
0000
0000
0000
0000
0000
0000
0000
0000
0000
0000
0000
0000
0000
0000
0000
0000
0000
0000
0000
0000
0000
0000
0000
0000
0000
0000
0000
0000
0000
0000
0000
0000
0000
0000
0000
0000
0000
0000
0000
0000
0000
0000
0000
0000
0000
0000
0000
0000
0000
0000
0000
0000
0000
0000
0000
0000
0000
0000
0000
0000
0000
0000
0000
0000
0000
0000
0000
0000
0000
0000
0000
0000
0000
0000
0000
0000
0000
0000
0000
0000
0000
0000
0000
1000
1001
1002
1003
1004
1005
1006
1007
1008
1009
1010
1011
1012
1013
1014
1015
1016
1017
1018
1019
1020
1021
1022
1023
1024
1025
1026
1027
1028
1029
1030
1031
1032
1033
1034
1035
1036
1037
1038
1039
1040
1041
1042
1043
1044
1045
1046
1047
1048
1049
1050
1051
1052
1053
1054
1055
1056
1057
1058
1059
1060
1061
1062
1063
1064
1065
1066
1067
1068
1069
1070
1071
1072
1073
1074
1075
1076
1077
1078
1079
1080
1081
1082
1083
1084
1085
1086
1087
1088
1089
1090
1091
1092
1093
1094
1095
1096
1097
1098
1099
1100
1101
1102
1103
1104
1105
1106
1107
1108
1109
1110
1111
1112
1113
1114
1115
1116
1117
1118
1119
1120
1121
1122
1123
1124
1125
1126
1127
1128
1129
1130
1131
1132
1133
1134
1135
1136
1137
1138
1139
1140
1141
1142
1143
1144
1145
1146
1147
1148
1149
1150
1151
1152
1153
1154
1155
1156
1157
1158
1159
1160
1161
1162
1163
1164
1165
1166
1167
1168
1169
1170
1171
1172
1173
1174
1175
1176
1177
1178
1179
1180
1181
1182
1183
1184
1185
1186
1187
1188
1189
1190
1191
1192
1193
1194
1195
1196
1197
1198
1199
1200
1201
1202
1203
1204
1205
1206
1207
1208
1209
1210
1211
1212
1213
1214
1215
1216
1217
1218
1219
1220
1221
1222
1223
1224
1225
1226
1227
1228
1229
1230
1231
1232
1233
1234
1235
1236
1237
1238
1239
1240
1241
1242
1243
1244
1245
1246
1247
1248
1249
1250
1251
1252
1253
1254
1255
1256
1257
1258
1259
1260
1261
1262
1263
1264
1265
1266
1267
1268
1269
1270
1271
1272
1273
1274
1275
1276
1277
1278
1279
1280
1281
1282
1283
1284
1285
1286
1287
1288
1289
1290
1291
1292
1293
1294
1295
1296
1297
1298
1299
1300
1301
1302
1303
1304
1305
1306
1307
1308
1309
1310
1311
1312
1313
1314
1315
1316
1317
1318
1319
1320
1321
1322
1323
1324
1325
1326
1327
1328
1329
1330
1331
1332
1333
1334
1335
1336
1337
1338
1339
1340
1341
1342
1343
1344
1345
1346
1347
1348
1349
1350
1351
1352
1353
1354
1355
1356
1357
1358
1359
1360
1361
1362
1363
1364
1365
1366
1367
1368
1369
1370
1371
1372
1373
1374
1375
1376
1377
1378
1379
1380
1381
1382
1383
1384
1385
1386
1387
1388
1389
1390
1391
1392
1393
1394
1395
1396
1397
1398
1399
1400
1401
1402
1403
1404
1405
1406
1407
1408
1409
1410
1411
1412
1413
1414
1415
1416
1417
1418
1419
1420
1421
1422
1423
1424
1425
1426
1427
1428
1429
1430
1431
1432
1433
1434
1435
1436
1437
1438
1439
1440
1441
1442
1443
1444
1445
1446
1447
1448
1449
1450
1451
1452
1453
1454
1455
1456
1457
1458
1459
1460
1461
1462
1463
1464
1465
1466
1467
1468
1469
1470
1471
1472
1473
1474
1475
1476
1477
1478
1479
1480
1481
1482
1483
1484
1485
1486
1487
1488
1489
1490
1491
1492
1493
1494
1495
1496
1497
1498
1499
1500
1501
1502
1503
1504
1505
1506
1507
1508
1509
1510
1511
1512
1513
1514
1515
1516
1517
1518
1519
1520
1521
1522
1523
1524
1525
1526
1527
1528
1529
1530
1531
1532
1533
1534
1535
1536
1537
1538
1539
1540
1541
1542
1543
1544
1545
1546
1547
1548
1549
1550
1551
1552
1553
1554
1555
1556
1557
1558
1559
1560
1561
1562
1563
1564
1565
1566
1567
1568
1569
1570
1571
1572
1573
1574
1575
1576
1577
1578
1579
1580
1581
1582
1583
1584
1585
1586
1587
1588
1589
1590
1591
1592
1593
1594
1595
1596
1597
1598
1599
1600
1601
1602
1603
1604
1605
1606
1607
1608
1609
1610
1611
1612
1613
1614
1615
1616
1617
1618
1619
1620
1621
1622
1623
1624
1625
1626
1627
1628
1629
1630
1631
1632
1633
1634
1635
1636
1637
1638
1639
1640
1641
1642
1643
1644
1645
1646
1647
1648
1649
1650
1651
1652
1653
1654
1655
1656
1657
1658
1659
1660
1661
1662
1663
1664
1665
1666
1667
1668
1669
1670
1671
1672
1673
1674
1675
1676
1677
1678
1679
1680
1681
1682
1683
1684
1685
1686
1687
1688
1689
1690
1691
1692
1693
1694
1695
1696
1697
1698
1699
1700
1701
1702
1703
1704
1705
1706
1707
1708
1709
1710
1711
1712
1713
1714
1715
1716
1717
1718
1719
1720
1721
1722
1723
1724
1725
1726
1727
1728
1729
1730
1731
1732
1733
1734
1735
1736
1737
1738
1739
1740
1741
1742
1743
1744
1745
1746
1747
1748
1749
1750
1751
1752
1753
1754
1755
1756
1757
1758
1759
1760
1761
1762
1763
1764
1765
1766
1767
1768
1769
1770
1771
1772
1773
1774
1775
1776
1777
1778
1779
1780
1781
1782
1783
1784
1785
1786
1787
1788
1789
1790
1791
1792
1793
1794
1795
1796
1797
1798
1799
1800
1801
1802
1803
1804
1805
1806
1807
1808
1809
1810
1811
1812
1813
1814
1815
1816
1817
1818
1819
1820
1821
1822
1823
1824
1825
1826
1827
1828
1829
1830
1831
1832
1833
1834
1835
1836
1837
1838
1839
1840
1841
1842
1843
1844
1845
1846
1847
1848
1849
1850
1851
1852
1853
1854
1855
1856
1857
1858
1859
1860
1861
1862
1863
1864
1865
1866
1867
1868
1869
1870
1871
1872
1873
1874
1875
1876
1877
1878
1879
1880
1881
1882
1883
1884
1885
1886
1887
1888
1889
1890
1891
1892
1893
1894
1895
1896
1897
1898
1899
1900
1901
1902
1903
1904
1905
1906
1907
1908
1909
1910
1911
1912
1913
1914
1915
1916
1917
1918
1919
1920
1921
1922
1923
1924
1925
1926
1927
1928
1929
1930
1931
1932
1933
1934
